FULL:
HALF:
2 94 113
127 58 46
74 97 82

2 127 74
94 58 97
113 46 82

4 188 226
254 116 92
148 194 164

4 254 148
188 116 194
226 92 164

6 282 339
381 174 138
222 291 246

6 381 222
282 174 291
339 138 246

8 376 452
508 232 184
296 388 328

8 508 296
376 232 388
452 184 328

10 470 565
635 290 230
370 485 410

10 635 370
470 290 485
565 230 410

12 564 678
762 348 276
444 582 492

12 762 444
564 348 582
678 276 492

14 658 791
889 406 322
518 679 574

14 889 518
658 406 679
791 322 574

46 82 113
127 74 2
58 97 94

46 127 58
82 74 97
113 2 94

62 313 394
446 218 103
233 334 302

62 446 233
313 218 334
394 103 302

82 46 113
97 58 94
74 127 2

82 97 74
46 58 127
113 94 2

92 164 226
254 148 4
116 194 188

92 254 116
164 148 194
226 4 188

94 2 113
97 74 82
58 127 46

94 97 58
2 74 127
113 82 46

97 82 74
94 113 2
58 46 127

97 94 58
82 113 46
74 2 127

103 302 394
446 233 62
218 334 313

103 446 218
302 233 334
394 62 313

124 626 788
892 436 206
466 668 604

124 892 466
626 436 668
788 206 604

127 2 74
46 113 82
58 94 97

127 46 58
2 113 94
74 82 97

138 246 339
381 222 6
174 291 282

138 381 174
246 222 291
339 6 282

146 713 802
878 386 503
617 718 526

146 878 617
713 386 718
802 503 526

164 92 226
194 116 188
148 254 4

164 194 148
92 116 254
226 188 4

184 328 452
508 296 8
232 388 376

184 508 232
328 296 388
452 8 376

188 4 226
194 148 164
116 254 92

188 194 116
4 148 254
226 164 92

194 164 148
188 226 4
116 92 254

194 188 116
164 226 92
148 4 254

206 604 788
892 466 124
436 668 626

206 892 436
604 466 668
788 124 626

230 410 565
635 370 10
290 485 470

230 635 290
410 370 485
565 10 470

246 138 339
291 174 282
222 381 6

246 291 222
138 174 381
339 282 6

254 4 148
92 226 164
116 188 194

254 92 116
4 226 188
148 164 194

276 492 678
762 444 12
348 582 564

276 762 348
492 444 582
678 12 564

282 6 339
291 222 246
174 381 138

282 291 174
6 222 381
339 246 138

291 246 222
282 339 6
174 138 381

291 282 174
246 339 138
222 6 381

302 103 394
334 218 313
233 446 62

302 334 233
103 218 446
394 313 62

313 62 394
334 233 302
218 446 103

313 334 218
62 233 446
394 302 103

322 574 791
889 518 14
406 679 658

322 889 406
574 518 679
791 14 658

328 184 452
388 232 376
296 508 8

328 388 296
184 232 508
452 376 8

334 302 233
313 394 62
218 103 446

334 313 218
302 394 103
233 62 446

376 8 452
388 296 328
232 508 184

376 388 232
8 296 508
452 328 184

381 6 222
138 339 246
174 282 291

381 138 174
6 339 282
222 246 291

388 328 296
376 452 8
232 184 508

388 376 232
328 452 184
296 8 508

410 230 565
485 290 470
370 635 10

410 485 370
230 290 635
565 470 10

446 62 233
103 394 302
218 313 334

446 103 218
62 394 313
233 302 334

470 10 565
485 370 410
290 635 230

470 485 290
10 370 635
565 410 230

485 410 370
470 565 10
290 230 635

485 470 290
410 565 230
370 10 635

492 276 678
582 348 564
444 762 12

492 582 444
276 348 762
678 564 12

503 526 802
878 617 146
386 718 713

503 878 386
526 617 718
802 146 713

508 8 296
184 452 328
232 376 388

508 184 232
8 452 376
296 328 388

526 503 802
718 386 713
617 878 146

526 718 617
503 386 878
802 713 146

564 12 678
582 444 492
348 762 276

564 582 348
12 444 762
678 492 276

574 322 791
679 406 658
518 889 14

574 679 518
322 406 889
791 658 14

582 492 444
564 678 12
348 276 762

582 564 348
492 678 276
444 12 762

604 206 788
668 436 626
466 892 124

604 668 466
206 436 892
788 626 124

626 124 788
668 466 604
436 892 206

626 668 436
124 466 892
788 604 206

635 10 370
230 565 410
290 470 485

635 230 290
10 565 470
370 410 485

656 368 904
776 464 752
592 1016 16

656 776 592
368 464 1016
904 752 16

658 14 791
679 518 574
406 889 322

658 679 406
14 518 889
791 574 322

668 604 466
626 788 124
436 206 892

668 626 436
604 788 206
466 124 892

679 574 518
658 791 14
406 322 889

679 658 406
574 791 322
518 14 889

713 146 802
718 617 526
386 878 503

713 718 386
146 617 878
802 526 503

718 526 617
713 802 146
386 503 878

718 713 386
526 802 503
617 146 878

738 873 666
414 522 1143
1017 846 18

752 16 904
776 592 656
464 1016 368

752 776 464
16 592 1016
904 656 368

762 12 444
276 678 492
348 564 582

762 276 348
12 678 564
444 492 582

776 656 592
752 904 16
464 368 1016

776 752 464
656 904 368
592 16 1016

820 970 740
460 580 1270
1130 940 20

846 873 522
18 666 1143
1017 738 414

873 738 666
846 1017 18
522 414 1143

873 846 522
738 1017 414
666 18 1143

878 146 617
503 802 526
386 713 718

878 503 386
146 802 713
617 526 718

889 14 518
322 791 574
406 658 679

889 322 406
14 791 658
518 574 679

892 124 466
206 788 604
436 626 668

892 206 436
124 788 626
466 604 668

940 970 580
20 740 1270
1130 820 460

970 820 740
940 1130 20
580 460 1270

970 940 580
820 1130 460
740 20 1270

