FULL:
HALF:
2 94 113
127 58 46
74 97 82

2 127 74
94 58 97
113 46 82

4 188 226
254 116 92
148 194 164

4 254 148
188 116 194
226 92 164

6 282 339
381 174 138
222 291 246

6 381 222
282 174 291
339 138 246

46 82 113
127 74 2
58 97 94

46 127 58
82 74 97
113 2 94

62 313 394
446 218 103
233 334 302

62 446 233
313 218 334
394 103 302

82 46 113
97 58 94
74 127 2

82 97 74
46 58 127
113 94 2

92 164 226
254 148 4
116 194 188

92 254 116
164 148 194
226 4 188

94 2 113
97 74 82
58 127 46

94 97 58
2 74 127
113 82 46

97 82 74
94 113 2
58 46 127

97 94 58
82 113 46
74 2 127

103 302 394
446 233 62
218 334 313

103 446 218
302 233 334
394 62 313

127 2 74
46 113 82
58 94 97

127 46 58
2 113 94
74 82 97

138 246 339
381 222 6
174 291 282

138 381 174
246 222 291
339 6 282

164 92 226
194 116 188
148 254 4

164 194 148
92 116 254
226 188 4

188 4 226
194 148 164
116 254 92

188 194 116
4 148 254
226 164 92

194 164 148
188 226 4
116 92 254

194 188 116
164 226 92
148 4 254

246 138 339
291 174 282
222 381 6

246 291 222
138 174 381
339 282 6

254 4 148
92 226 164
116 188 194

254 92 116
4 226 188
148 164 194

282 6 339
291 222 246
174 381 138

282 291 174
6 222 381
339 246 138

291 246 222
282 339 6
174 138 381

291 282 174
246 339 138
222 6 381

302 103 394
334 218 313
233 446 62

302 334 233
103 218 446
394 313 62

313 62 394
334 233 302
218 446 103

313 334 218
62 233 446
394 302 103

328 184 452
388 232 376
296 508 8

328 388 296
184 232 508
452 376 8

334 302 233
313 394 62
218 103 446

334 313 218
302 394 103
233 62 446

376 8 452
388 296 328
232 508 184

376 388 232
8 296 508
452 328 184

381 6 222
138 339 246
174 282 291

381 138 174
6 339 282
222 246 291

388 328 296
376 452 8
232 184 508

388 376 232
328 452 184
296 8 508

410 485 370
230 290 635
565 470 10

446 62 233
103 394 302
218 313 334

446 103 218
62 394 313
233 302 334

470 485 290
10 370 635
565 410 230

485 410 370
470 565 10
290 230 635

485 470 290
410 565 230
370 10 635

